1	0	1	3
1	1	2	3
2	0	1	3
2	1	2	3
3	0	1	3
3	1	2	3
4	0	1
4	1	2
5	0	1	4
5	1	2	4
6	0	1	4
6	1	2	4
7	0	1	4
7	1	2	4
8	0	1	4
8	1	2	4
9	0	1	4
9	1	2	4
10	0	1
10	1	2
11	0	1
11	1	2
12	0	1
12	1	2
13	0	5	10
13	1	6	10
14	0	11
14	1	12
14	2	13
14	3	14
14	4	15
15	0	11
15	1	12
15	2	13
15	3	14
15	4	15
16	0	1
16	1	2
17	0	1
17	1	2
18	0	1
18	1	2
19	0	1	3
19	1	2	3
20	0	1
20	1	2
21	0	1	3
21	1	2	3
22	0	1	4
22	1	2	4
23	0	1	4
23	1	2	4
24	0	1	4
24	1	2	4
25	0	1	5	7
25	1	1	5	8
25	2	1	6	7
25	3	1	6	8
25	4	2	5	7
25	5	2	5	8
25	6	2	6	7
25	7	2	6	8
26	0	9
27	0	1
27	1	2
